-39.332317 7.244914 3.809297 3.780621 2.889056 -0.061261 -1.624211 -1.476477 -1.174984 0.167232 0.968440 -0.145311 -1.061298 
-38.765911 6.185375 2.515024 3.272071 3.251298 0.515407 -1.522125 -0.864757 -1.482035 0.067948 0.926670 -0.146479 -0.642206 
-40.540852 4.904531 2.347914 3.317939 2.718643 0.101447 -1.471164 0.159583 -0.549271 0.633619 0.905020 0.132854 -0.106784 
-41.451366 4.873600 3.304308 3.650358 3.068194 0.982673 -0.414585 -0.036368 -0.456937 0.392377 0.414088 0.297211 -0.589892 
-44.242035 4.504193 3.638869 3.472807 2.503398 1.157329 0.200218 -0.362967 -1.070590 -0.125154 0.022373 -0.885194 -0.984563 
-46.056595 3.571519 4.503618 3.488147 2.040935 0.596677 -0.248541 0.033704 -1.138671 -0.179009 0.348163 -0.391697 -0.529106 
-47.489155 2.879696 3.625482 2.734429 2.124960 1.443516 -0.127906 -0.191613 -0.622426 0.357796 0.277681 -0.605801 -0.909045 
-51.567799 0.911890 2.147782 1.016675 1.942332 1.818181 0.658062 -0.195011 -0.820610 -0.375623 -0.501690 -0.776398 -1.694676 
-53.283882 0.968791 2.599782 1.487844 1.462693 1.195217 0.155189 -0.065518 -0.010460 0.530289 -0.238099 -0.166506 -0.586791 
-53.817806 0.139543 2.314828 1.397251 1.927909 2.007554 0.478630 0.772660 -0.228399 -0.083809 -0.219960 -0.456288 -0.169949 
-52.512630 0.777999 3.049756 2.445492 1.238741 1.205074 0.055833 0.490308 -0.031738 0.276863 0.669379 -0.042700 -0.283298 
-36.526970 4.078553 2.504765 4.095056 1.212830 0.185789 0.817905 0.267170 -0.421635 -0.044464 0.068351 -0.527699 0.430356 
-16.201849 3.284237 -0.868970 7.610453 -1.100918 0.059629 -0.797635 0.411051 -1.270778 -0.264752 0.927863 -0.442158 -0.663509 
-6.493405 3.128689 -2.280371 4.911752 -2.385439 0.399122 -0.454956 0.752807 -1.346818 0.325338 0.534062 0.712999 -0.606657 
-6.325575 3.840043 -1.775385 4.262636 -1.549327 1.218209 -0.728211 0.596651 -0.889073 1.085977 0.999812 0.434917 -0.707258 
-6.091466 4.352921 -0.671640 4.940367 -0.388609 1.255524 -1.031008 -0.095520 -0.952865 1.348327 0.249461 0.971889 -0.509580 
-7.850384 3.661896 -1.311404 3.713497 -1.455773 1.399088 -0.973067 0.803022 -1.114864 0.417092 -0.578482 0.689572 -1.080941 
-10.140636 4.277665 -1.093796 2.963471 -2.012392 0.588870 -0.884391 0.932893 -1.122308 0.293595 -0.720350 -0.040951 -0.597205 
-12.045723 3.639032 -0.430729 4.301482 -1.356598 1.535648 -0.874722 1.084817 -2.684239 -0.421505 -0.052217 -0.195556 -0.087944 
-13.070755 3.685354 -1.339504 4.271570 -0.676686 1.030464 -0.278474 0.622704 -2.106919 -0.771694 -0.516697 0.107240 -0.013680 
-16.224258 4.585475 -1.121257 3.030936 -0.716627 0.530020 0.187276 1.685996 -1.228289 0.337504 -0.041336 -0.084816 -0.881309 
-19.857431 3.919060 -0.990639 2.367316 -0.500728 -0.052433 -0.985245 0.936364 -1.372884 0.457981 0.843163 -0.418625 -1.285541 
-22.665270 2.843303 -0.958071 2.970451 0.027663 0.326400 -0.684746 0.279424 -1.790969 0.653091 0.747833 -0.065923 -1.428269 
-24.286055 2.474736 -0.382774 2.463031 -0.781045 0.748651 -0.581972 -0.406898 -1.945345 0.821582 0.336020 0.241827 -0.868957 
-28.182384 2.324470 -0.591919 1.613976 -0.927875 1.001284 -1.068104 0.400082 -2.086926 -0.084518 -0.545858 -0.450182 -0.281209 
-31.580198 1.027498 -0.227262 2.724648 -0.344567 0.841347 -1.537667 0.114676 -1.851329 -0.211188 -1.047342 -0.023734 -0.089031 
-33.526306 0.909366 0.214766 3.019372 -0.539303 0.840438 -0.992299 0.960267 -0.384328 1.158639 0.342776 0.170952 -0.653322 
-33.929260 2.623936 2.013619 4.036875 1.156986 0.847467 -1.199639 1.130984 -0.759032 0.641002 0.291762 -0.925251 -1.109055 
-29.718769 1.023383 0.518387 7.394095 -0.713141 -0.963705 0.624776 -0.931147 -1.798710 0.893425 -0.575811 -0.207606 -1.033306 
-25.189617 4.047544 2.709550 10.817568 -0.881462 -2.192036 1.060338 -1.029457 -1.936708 0.308673 -0.879377 0.326900 -0.833516 
-11.741803 3.742430 -0.118186 12.366316 -0.283210 -4.119999 1.893823 -0.981726 -0.715589 -0.841850 -1.629013 0.987300 -0.435746 
-1.203975 3.395515 -1.026302 9.661208 0.036566 -3.640038 1.469063 -0.602181 0.094194 -0.349063 -1.931706 0.058611 -0.072632 
4.146240 5.189771 -4.623932 9.496763 -0.004289 -3.506286 1.950633 -1.225028 -0.140872 -0.270925 -1.988111 0.547590 -0.389097 
8.658419 5.108391 -4.821651 8.405030 0.882315 -4.273303 1.502241 -1.018212 -0.803304 0.125794 -3.062349 1.731833 -1.310763 
11.616790 3.545245 -3.937000 6.571445 0.555819 -3.998975 0.723639 -1.370685 -0.654097 0.217914 -2.437470 1.925224 -1.237923 
11.735554 3.307085 -3.818147 5.423937 0.333271 -3.609066 -0.265608 -0.571337 -0.633494 1.273155 -1.744292 1.680828 -0.662596 
13.471590 3.637333 -4.721912 5.118637 0.002416 -2.762519 0.016903 -0.707187 -0.164263 1.513521 -1.954022 1.546237 -1.076370 
10.365438 3.209241 -1.878440 3.829885 0.301311 -2.023545 -0.820759 -0.199727 0.077913 1.035523 -1.531829 1.314473 -0.365828 
9.557622 -0.218324 -0.302390 4.212659 0.160898 -0.597846 -1.257840 0.554094 -0.136728 0.265553 -1.056197 0.744278 -0.257820 
10.104110 -3.096718 0.925096 2.552553 -0.218833 0.857215 -1.586405 0.407008 0.205203 0.279655 -0.816385 0.576960 0.213424 
8.672304 -3.660850 1.361349 1.639124 -0.148311 0.230560 -1.275401 -0.044750 -0.695581 0.111100 -1.297797 0.020280 0.151233 
3.585109 -5.841354 1.392657 1.753666 -0.121503 0.751457 -0.793056 0.632965 -0.876085 0.296902 -0.843877 0.698400 0.688889 
2.455428 -5.678962 2.163637 1.443270 0.641348 0.933453 -0.489316 0.989082 -1.031602 0.007368 -1.671673 -0.617967 -0.709310 
0.891306 -5.548629 1.798619 0.645847 0.472163 0.597418 -0.546846 1.740087 0.142016 0.263108 -1.662784 -0.525026 -0.257439 
0.729509 -5.332203 2.098112 1.315997 0.681812 1.193086 0.388034 1.595342 -0.802854 0.546936 -1.057124 -0.582934 -0.715926 
-1.027011 -5.384053 2.997295 0.384252 1.087240 2.761036 0.553624 1.095362 -1.030689 0.258590 -2.049525 -1.083001 -0.683144 
-3.899473 -6.447097 2.734302 0.455772 0.801738 2.241689 0.270285 1.448644 -0.231617 -0.276443 -2.117858 -1.310719 -1.034680 
-6.676350 -6.921538 3.225030 0.858360 2.330981 2.291220 0.493429 0.732877 -0.748564 -0.288662 -2.237843 -1.218711 -0.815377 
-11.527051 -10.333067 2.222212 0.209425 0.940464 1.707854 0.639482 0.573448 -0.609701 0.107458 -1.961241 -0.909620 -0.824506 
-13.447675 -10.955938 2.950711 0.542923 0.544490 1.451491 -0.010519 0.627560 -0.208068 0.519057 -0.975514 -0.306958 -1.028228 
-18.457058 -10.344788 2.950938 -0.032959 -0.054779 1.214333 0.488480 1.683528 -0.554435 0.377087 -0.555643 -0.638778 -0.503021 
-22.557301 -9.545158 3.384888 -0.619367 0.262185 2.212742 0.893817 3.107812 -0.559759 1.005758 -0.066279 -0.396901 -0.415607 
-24.676416 -8.290015 2.649858 -0.124538 0.103126 2.281859 0.113140 2.081838 -0.532977 1.881713 -0.165398 -0.331264 -0.265422 
-26.729506 -7.342093 1.242748 0.434140 -1.063240 1.705195 0.376648 2.119786 -0.490009 1.623282 -0.729631 -0.072512 0.064773 
-26.980986 -5.984304 0.426562 1.321097 -0.573775 2.292410 0.002359 1.590761 -0.349077 1.009402 -0.807878 0.131915 -0.913549 
-26.242699 -4.824488 0.437141 0.955296 0.060292 1.581776 -0.803509 1.240818 -0.857078 1.070021 -0.968860 -0.056860 -0.827901 
-29.046900 -4.325106 -0.206022 1.621628 -0.161232 1.160534 -0.693084 1.196689 -1.045585 0.843762 -0.599397 -0.610500 -0.185733 
-29.262213 -3.862216 -0.624828 2.652091 0.070424 2.265343 0.745599 1.815463 -0.699479 0.898661 0.013783 -0.886689 -0.376990 
-31.276121 -3.471802 -1.059412 1.762452 -0.638193 1.966729 0.305261 0.968651 -0.795263 0.968313 -0.493359 -0.839863 -0.981731 
-33.029175 -3.250135 -1.101383 1.761976 -0.684597 1.132432 0.052389 1.043497 -0.706413 1.811562 0.361842 -0.342314 -0.564010 
-34.110516 -2.624676 -2.071001 0.292251 -0.874752 1.113631 0.459463 1.355398 0.125359 1.640270 0.442983 -0.633273 -0.981087 
