0.079383 0.015450 0.012284 0.006967 0.053388 0.122626 0.042246 0.009563 0.040757 0.049871 0.008439 0.087988 0.002278
0.055622 0.002382 0.010388 0.001649 0.021615 0.111107 0.021221 0.017931 0.010721 0.071293 0.014423 0.045171 0.010535
0.038128 0.004752 0.019663 0.012050 0.029320 0.101886 0.028072 0.013995 0.003019 0.076640 0.040229 0.031747 0.031121
0.023429 0.005792 0.034414 0.023371 0.020448 0.086090 0.013773 0.032730 0.022679 0.024471 0.002174 0.063847 0.023669
0.022705 0.024452 0.033851 0.009173 0.032090 0.058959 0.054159 0.051100 0.014995 0.030179 0.048223 0.052516 0.022310
0.001804 0.006364 0.044039 0.015114 0.027254 0.081006 0.008997 0.037026 0.013252 0.057173 0.016607 0.075796 0.020798
0.009663 0.012021 0.030771 0.000962 0.003550 0.063971 0.038242 0.033933 0.005302 0.034127 0.048946 0.047820 0.015420
0.001694 0.024377 0.027827 0.020061 0.019474 0.053182 0.059796 0.058270 0.013459 0.005055 0.048226 0.046357 0.010614
0.007877 0.018253 0.005903 0.005632 0.002212 0.028222 0.021513 0.002553 0.005378 0.014354 0.043404 0.006446 0.062205
0.004681 0.010901 0.025280 0.000609 0.039048 0.035867 0.018997 0.024276 0.036359 0.002843 0.029131 0.000509 0.002491
0.005374 0.011642 0.032788 0.021042 0.005311 0.031586 0.004745 0.001530 0.008198 0.036232 0.009234 0.039824 0.015211
0.084164 0.007058 0.026673 0.031754 0.056289 0.000453 0.005145 0.031733 0.018163 0.035266 0.025095 0.007456 0.058039
0.157881 0.091986 0.135580 0.070989 0.088197 0.011604 0.016752 0.002131 0.045823 0.090957 0.024078 0.097529 0.030023
0.109217 0.122251 0.121591 0.093215 0.026441 0.004366 0.020309 0.025946 0.004243 0.089300 0.013183 0.054452 0.095714
0.121081 0.148375 0.127480 0.104406 0.021797 0.026331 0.016025 0.010653 0.036222 0.082890 0.012515 0.080835 0.002774
0.118128 0.112266 0.110518 0.055290 0.004842 0.047399 0.003250 0.027898 0.065239 0.032816 0.012655 0.016079 0.100250
0.109188 0.116281 0.106130 0.088766 0.012150 0.045611 0.010972 0.013836 0.007345 0.005428 0.004606 0.027111 0.070804
0.096430 0.119911 0.090005 0.092332 0.017249 0.030404 0.039637 0.047518 0.003617 0.005314 0.025598 0.005834 0.042254
0.093455 0.093385 0.099839 0.085606 0.020558 0.048978 0.032119 0.077080 0.059385 0.125734 0.030496 0.026255 0.037970
0.082516 0.084254 0.080341 0.063904 0.000698 0.032726 0.004472 0.078833 0.056524 0.086842 0.011111 0.040197 0.053217
0.109293 0.083464 0.078487 0.063442 0.004543 0.037347 0.054078 0.069708 0.017852 0.060211 0.027993 0.034072 0.025961
0.079229 0.083268 0.066479 0.056972 0.008394 0.063194 0.058086 0.037004 0.015328 0.084301 0.040730 0.104712 0.035297
0.069422 0.091115 0.089625 0.054149 0.013673 0.057090 0.046743 0.099521 0.041353 0.079369 0.011614 0.128687 0.017495
0.082787 0.070749 0.067359 0.070698 0.007916 0.041175 0.010620 0.078379 0.075620 0.078652 0.014130 0.062483 0.008924
0.032785 0.083074 0.048042 0.067499 0.029166 0.053202 0.000921 0.054247 0.015769 0.064233 0.047096 0.046229 0.044711
0.030424 0.072638 0.059921 0.065325 0.005512 0.066347 0.003938 0.022001 0.026192 0.043846 0.023409 0.094245 0.039237
0.033676 0.058221 0.089492 0.045285 0.002218 0.039903 0.006485 0.026684 0.031845 0.058409 0.076008 0.035241 0.041363
0.040066 0.021058 0.066076 0.034018 0.023165 0.072833 0.023027 0.003835 0.031886 0.082455 0.121663 0.036380 0.027367
0.087416 0.051096 0.127862 0.012268 0.127957 0.010992 0.002892 0.103255 0.079486 0.025654 0.073827 0.027880 0.037288
0.122339 0.034732 0.174711 0.058539 0.204005 0.050708 0.016422 0.132211 0.084882 0.002360 0.005208 0.020273 0.020963
0.102455 0.063722 0.119700 0.016377 0.286715 0.103413 0.016400 0.101452 0.054122 0.096847 0.067679 0.073871 0.126426
0.076844 0.059895 0.075159 0.030812 0.233452 0.065066 0.026424 0.056435 0.046815 0.122021 0.016288 0.086023 0.048071
0.097232 0.098379 0.073770 0.065638 0.267348 0.110322 0.006251 0.073518 0.064851 0.096489 0.076892 0.106439 0.057281
0.062145 0.064877 0.066845 0.114291 0.299094 0.063610 0.004565 0.115012 0.138669 0.157028 0.118559 0.110982 0.070241
0.069398 0.110373 0.086210 0.041231 0.196385 0.014766 0.070721 0.123818 0.151356 0.185337 0.174192 0.010189 0.032591
0.080615 0.120376 0.107260 0.003040 0.153854 0.043890 0.078270 0.120508 0.151710 0.116648 0.114316 0.031239 0.021821
0.084155 0.130828 0.090866 0.002866 0.097527 0.042844 0.058463 0.101226 0.157088 0.158300 0.100898 0.007243 0.011764
0.050423 0.079976 0.041430 0.016463 0.055160 0.059406 0.063723 0.037366 0.113536 0.113378 0.060527 0.058394 0.014304
0.028204 0.069958 0.089020 0.043643 0.040015 0.070971 0.034450 0.004659 0.036192 0.041311 0.030443 0.037217 0.025231
0.010289 0.046885 0.067144 0.072354 0.031838 0.069399 0.007953 0.026343 0.017386 0.035850 0.041271 0.063488 0.004000
0.024206 0.034191 0.042962 0.057215 0.012894 0.074155 0.026406 0.031877 0.017065 0.035627 0.025362 0.062992 0.050614
0.053355 0.009033 0.071460 0.070857 0.038391 0.074914 0.010613 0.049888 0.007246 0.000135 0.012476 0.101998 0.024731
0.071299 0.000867 0.057052 0.064746 0.037779 0.069568 0.026018 0.062520 0.028594 0.036503 0.041637 0.048502 0.008039
0.067330 0.020575 0.053181 0.060117 0.053031 0.059316 0.071641 0.031373 0.048349 0.089036 0.021962 0.081704 0.005579
0.049231 0.025685 0.076513 0.052129 0.049322 0.051380 0.061346 0.087815 0.007491 0.023059 0.066909 0.004194 0.013093
0.089500 0.014110 0.036912 0.044060 0.107868 0.059257 0.002302 0.078586 0.018453 0.071002 0.104424 0.072998 0.061429
0.100606 0.013771 0.059837 0.039822 0.082827 0.064115 0.008068 0.036977 0.048803 0.085237 0.078507 0.036110 0.082478
0.117202 0.014704 0.052060 0.029592 0.066008 0.081965 0.000291 0.076745 0.019282 0.074419 0.077292 0.084434 0.049149
0.170321 0.004745 0.047784 0.051333 0.059857 0.076335 0.022517 0.073325 0.002250 0.063866 0.061745 0.047208 0.045809
0.147832 0.009184 0.067495 0.069767 0.062411 0.073027 0.021891 0.052879 0.021283 0.053435 0.039722 0.014429 0.008619
0.124269 0.012535 0.065848 0.081896 0.069037 0.011107 0.047022 0.032022 0.033285 0.009021 0.053096 0.021423 0.017387
0.138332 0.019031 0.069157 0.084136 0.117284 0.031861 0.076560 0.035992 0.030618 0.039945 0.063739 0.004794 0.080195
0.076958 0.008969 0.065621 0.085184 0.124693 0.060491 0.076412 0.045226 0.024317 0.038544 0.100592 0.023962 0.011850
0.032363 0.053995 0.085809 0.112765 0.088279 0.042030 0.091641 0.049270 0.047959 0.024851 0.074425 0.062528 0.012396
0.005619 0.047040 0.105642 0.088703 0.089738 0.050565 0.033169 0.046891 0.002681 0.033153 0.022243 0.017241 0.009323
0.006422 0.030649 0.088313 0.076433 0.057803 0.070436 0.040798 0.051720 0.009378 0.002705 0.067340 0.025499 0.019116
0.008946 0.058583 0.088789 0.072921 0.062561 0.060506 0.062650 0.053393 0.005206 0.005913 0.059595 0.045693 0.041954
0.030878 0.071755 0.113813 0.038720 0.073019 0.029001 0.025505 0.064119 0.020909 0.028697 0.091697 0.023992 0.091542
0.018633 0.062564 0.107010 0.078602 0.050591 0.043748 0.011323 0.068389 0.022362 0.010832 0.055615 0.050329 0.064842
0.022694 0.075986 0.109657 0.092080 0.068466 0.034032 0.055693 0.074357 0.072579 0.006438 0.064825 0.054694 0.065901
0.007977 0.096147 0.076610 0.053025 0.061934 0.006558 0.073293 0.031608 0.063650 0.010073 0.078210 0.100802 0.075394
