-39.252934	7.260364	3.821581	3.787588	2.835668	-0.183887	-1.666457	-1.486040	-1.134227	0.217103	0.960001	-0.233299	-1.063576
-38.710289	6.182993	2.525412	3.273720	3.229683	0.404300	-1.543346	-0.882688	-1.471314	0.139241	0.912247	-0.191650	-0.631671
-40.502724	4.899779	2.367577	3.329989	2.689323	-0.000439	-1.443092	0.173578	-0.552290	0.710259	0.864791	0.101107	-0.137905
-41.427937	4.879392	3.338722	3.673729	3.047746	0.896583	-0.428358	-0.069098	-0.434258	0.416848	0.411914	0.233364	-0.613561
-44.219330	4.528645	3.672720	3.481980	2.471308	1.098370	0.146059	-0.414067	-1.085585	-0.094975	-0.025850	-0.937710	-0.962253
-46.058399	3.577883	4.547657	3.473033	2.013681	0.515671	-0.257538	-0.003322	-1.125419	-0.121836	0.331556	-0.467493	-0.508308
-47.479492	2.891717	3.656253	2.733467	2.121410	1.379545	-0.166148	-0.225546	-0.627728	0.391923	0.228735	-0.653621	-0.924465
-51.566105	0.936267	2.175609	1.036736	1.961806	1.764999	0.598266	-0.253281	-0.834069	-0.380678	-0.549916	-0.822755	-1.705290
-53.291759	0.987044	2.605685	1.493476	1.464905	1.166995	0.133676	-0.068071	-0.005082	0.515935	-0.281503	-0.160060	-0.648996
-53.822487	0.150444	2.340108	1.397860	1.966957	1.971687	0.459633	0.748384	-0.264758	-0.080966	-0.249091	-0.456797	-0.172440
-52.507256	0.789641	3.082544	2.424450	1.244052	1.173488	0.051088	0.491838	-0.039936	0.313095	0.660145	-0.082524	-0.268087
-36.442806	4.085611	2.531438	4.126810	1.156541	0.185336	0.823050	0.235437	-0.439798	-0.009198	0.043256	-0.520243	0.488395
-16.043968	3.192251	-0.733390	7.539464	-1.189115	0.071233	-0.814387	0.413182	-1.316601	-0.173795	0.903785	-0.539687	-0.633486
-6.384188	3.006438	-2.158780	4.818537	-2.411880	0.403488	-0.434647	0.726861	-1.351061	0.414638	0.547245	0.658547	-0.702371
-6.204494	3.691668	-1.647905	4.158230	-1.527530	1.191878	-0.712186	0.585998	-0.852851	1.168867	0.987297	0.354082	-0.704484
-5.973338	4.240655	-0.561122	4.885077	-0.383767	1.208125	-1.027758	-0.123418	-0.887626	1.381143	0.236806	0.955810	-0.609830
-7.741196	3.545615	-1.205274	3.624731	-1.443623	1.353477	-0.962095	0.789186	-1.122209	0.422520	-0.573876	0.662461	-1.151745
-10.044206	4.157754	-1.003791	2.871139	-1.995143	0.558466	-0.844754	0.885375	-1.125925	0.288281	-0.745948	-0.035117	-0.639459
-11.952268	3.545647	-0.330890	4.215876	-1.336040	1.486670	-0.842603	1.007737	-2.743624	-0.295771	-0.082713	-0.169301	-0.125914
-12.988239	3.601100	-1.259163	4.207666	-0.677384	0.997738	-0.274002	0.543871	-2.163443	-0.684852	-0.505586	0.147437	-0.066897
-16.114965	4.502011	-1.042770	2.967494	-0.721170	0.492673	0.241354	1.616288	-1.246141	0.397715	-0.069329	-0.118888	-0.907270
-19.778202	3.835792	-0.924160	2.310344	-0.492334	-0.115627	-0.927159	0.899360	-1.388212	0.542282	0.802433	-0.523337	-1.250244
-22.595848	2.752188	-0.868446	2.916302	0.041336	0.269310	-0.638003	0.179903	-1.749616	0.732460	0.736219	-0.194610	-1.410774
-24.203268	2.403987	-0.315415	2.392333	-0.773129	0.707476	-0.571352	-0.485277	-1.869725	0.900234	0.321890	0.179344	-0.877881
-28.149599	2.241396	-0.543877	1.546477	-0.898709	0.948082	-1.067183	0.345835	-2.102695	-0.020285	-0.592954	-0.403953	-0.236498
-31.549774	0.954860	-0.167341	2.659323	-0.339055	0.775000	-1.533729	0.092675	-1.877521	-0.167342	-1.070751	0.070511	-0.128268
-33.492630	0.851145	0.304258	2.974087	-0.537085	0.800535	-0.985814	0.986951	-0.352483	1.217048	0.266768	0.135711	-0.694685
-33.889194	2.602878	2.079695	4.002857	1.133821	0.774634	-1.176612	1.127149	-0.790918	0.723457	0.170099	-0.961631	-1.136422
-29.631353	0.972287	0.646249	7.381827	-0.841098	-0.952713	0.627668	-1.034402	-1.719224	0.919079	-0.649638	-0.179726	-1.070594
-25.067278	4.012812	2.884261	10.759029	-1.085467	-2.141328	1.076760	-1.161668	-1.851826	0.311033	-0.874169	0.347173	-0.854479
-11.639348	3.678708	0.001514	12.382693	-0.569925	-4.016586	1.910223	-1.083178	-0.661467	-0.938697	-1.561334	1.061171	-0.562172
-1.127131	3.335620	-0.951143	9.692020	-0.196886	-3.574972	1.495487	-0.658616	0.141009	-0.471084	-1.915418	0.144634	-0.120703
4.243472	5.091392	-4.550162	9.562401	-0.271637	-3.395964	1.944382	-1.298546	-0.076021	-0.367414	-1.911219	0.654029	-0.446378
8.720564	5.043514	-4.754806	8.519321	0.583221	-4.209693	1.497676	-1.133224	-0.664635	-0.031234	-2.943790	1.842815	-1.381004
11.686188	3.434872	-3.850790	6.612676	0.359434	-3.984209	0.794360	-1.494503	-0.502741	0.032577	-2.263278	1.935413	-1.270514
11.816169	3.186709	-3.710887	5.426977	0.179417	-3.652956	-0.187338	-0.691845	-0.481784	1.156507	-1.629976	1.712067	-0.684417
13.555745	3.506505	-4.631046	5.121503	-0.095111	-2.805363	0.075366	-0.808413	-0.007175	1.355221	-1.853124	1.553480	-1.088134
10.415861	3.129265	-1.837010	3.813422	0.246151	-2.082951	-0.757036	-0.237093	0.191449	0.922145	-1.471302	1.372867	-0.380132
9.585826	-0.288282	-0.213370	4.169016	0.120883	-0.668817	-1.223390	0.549435	-0.100536	0.224242	-1.025754	0.781495	-0.232589
10.093821	-3.143603	0.992240	2.480199	-0.186995	0.787816	-1.578452	0.433351	0.222589	0.243805	-0.775114	0.640448	0.217424
8.648098	-3.695041	1.404311	1.581909	-0.135417	0.156405	-1.248995	-0.076627	-0.678516	0.075473	-1.272435	0.083272	0.201847
3.531754	-5.850387	1.464117	1.682809	-0.083112	0.676543	-0.782443	0.583077	-0.868839	0.296767	-0.831401	0.800398	0.664158
2.384129	-5.679829	2.220689	1.378524	0.679127	0.863885	-0.463298	0.926562	-1.060196	-0.029135	-1.713310	-0.569465	-0.717349
0.823976	-5.569204	1.851800	0.585730	0.525194	0.538102	-0.475205	1.708714	0.093667	0.174072	-1.684746	-0.443322	-0.251860
0.680278	-5.357888	2.174625	1.263868	0.731134	1.141706	0.449380	1.507527	-0.810345	0.523877	-1.124033	-0.578740	-0.702833
-1.116511	-5.398163	3.034207	0.340192	1.195108	2.701779	0.555926	1.016776	-1.049142	0.187588	-2.153949	-1.010003	-0.621715
-4.000079	-6.460868	2.794139	0.415950	0.884565	2.177574	0.278353	1.411667	-0.280420	-0.361680	-2.196365	-1.274609	-0.952202
-6.793552	-6.906834	3.277090	0.828768	2.396989	2.209255	0.493720	0.656132	-0.767846	-0.363081	-2.315135	-1.134277	-0.766228
-11.697372	-10.328322	2.269996	0.158092	1.000321	1.631519	0.661999	0.500123	-0.607451	0.043592	-2.022986	-0.862412	-0.778697
-13.595507	-10.946754	3.018206	0.473156	0.606901	1.378464	0.011372	0.574681	-0.186785	0.465622	-1.015236	-0.321387	-1.019609
-18.581327	-10.332253	3.016786	-0.114855	0.014258	1.203226	0.535502	1.651506	-0.587720	0.386108	-0.608739	-0.617355	-0.485634
-22.695633	-9.526127	3.454045	-0.703503	0.379469	2.180881	0.970377	3.071820	-0.590377	1.045703	-0.130018	-0.392107	-0.335412
-24.753374	-8.298984	2.715479	-0.209722	0.227819	2.221368	0.189552	2.036612	-0.508660	1.920257	-0.265990	-0.307302	-0.277272
-26.761869	-7.396088	1.328557	0.321375	-0.974961	1.663165	0.468289	2.070516	-0.442050	1.648133	-0.804056	-0.009984	0.052377
-26.975367	-6.031344	0.532204	1.232394	-0.484037	2.241845	0.035528	1.543870	-0.346396	0.976249	-0.830121	0.114674	-0.922872
-26.236277	-4.855137	0.525454	0.878863	0.118095	1.511340	-0.762711	1.189098	-0.847700	1.067316	-1.036200	-0.031361	-0.847017
-29.037954	-4.383689	-0.117233	1.548707	-0.098671	1.100028	-0.630434	1.143296	-1.040379	0.849675	-0.658992	-0.564807	-0.143779
-29.231335	-3.933971	-0.511015	2.613371	0.143443	2.236342	0.771104	1.751344	-0.720388	0.927358	-0.077914	-0.910681	-0.285448
-31.257488	-3.534366	-0.952402	1.683850	-0.587602	1.922981	0.316584	0.900262	-0.772901	0.979145	-0.548974	-0.890192	-0.916889
-33.006481	-3.326121	-0.991726	1.669896	-0.616131	1.098400	0.108082	0.969140	-0.633834	1.818000	0.297017	-0.397008	-0.498109
-34.102539	-2.720823	-1.994391	0.239226	-0.812818	1.107073	0.532756	1.323790	0.189009	1.630197	0.364773	-0.734075	-0.905693
