-37.937191	4.027459	1.139128	-0.589733	0.348706	1.039399	1.370789	0.808139	-0.231100	0.623434	0.689867	0.276481	0.014982
-38.722122	2.848149	0.557896	-1.023578	0.350829	0.502267	0.227245	0.386063	-0.250966	0.451405	0.692143	0.307206	0.164655
-38.641411	3.076451	0.660565	-0.898232	0.494170	1.030465	1.097657	0.552371	-0.341575	0.055632	0.141583	0.064522	0.041322
-37.391251	3.810355	0.881053	-0.734071	-0.210469	-0.119865	0.784502	0.088259	0.195737	-0.008670	0.401343	0.607072	-0.275592
-38.554665	3.178760	0.340475	-1.639798	-0.687718	-0.014504	0.360871	0.063339	0.182230	-0.542066	0.311478	0.272054	0.344482
-37.716534	3.889088	0.814951	-1.077241	-0.046528	0.306924	0.248013	0.145788	-0.153798	0.332064	1.201558	0.539199	0.137855
-38.344566	3.088583	0.204287	-1.626117	-0.390719	0.413008	0.210528	-0.314457	0.213026	0.959072	0.564301	0.229649	0.274095
-38.200020	3.199553	0.565656	-0.831381	0.494765	1.031554	0.740977	-0.154834	-0.247785	0.164147	0.306749	0.045384	0.599624
-39.243462	2.983059	0.447208	-0.492805	-0.094757	0.541428	0.097215	-0.378353	-0.928542	-0.035841	0.123943	-0.425529	0.225493
-38.455280	4.022718	1.529717	-0.457726	-0.160259	-0.274460	-0.093804	-0.250871	-0.085368	0.176400	0.722147	0.367266	0.219069
-38.994690	3.493000	1.502018	-0.722084	-0.443621	0.284473	0.557475	-0.226123	-0.062558	-0.015983	0.778425	0.205455	-0.221529
-38.337463	2.941786	0.730528	-0.899056	-0.117368	0.012857	-0.327706	-0.474995	0.007046	-0.132970	0.429145	-0.406893	-0.006373
-38.171768	4.143560	1.036711	-0.953317	-0.006278	0.046904	0.146786	-0.353127	-0.079973	0.195419	0.295340	0.147726	0.090728
-38.976063	3.042607	0.543832	-1.073929	-0.323204	0.246948	0.316491	-0.074476	0.322335	0.607282	0.594029	0.126474	0.605810
-38.407578	3.217284	0.854672	-1.092454	0.228272	0.375363	-0.257278	0.124065	0.662895	0.760080	0.949573	0.098183	0.529583
-37.753162	4.062126	1.430014	-0.982083	-0.715588	0.121075	-0.235250	-0.174542	-0.179569	0.538228	0.800991	-0.272306	-0.357960
-37.765594	3.784127	1.329208	-0.382177	-0.249668	0.074499	0.323790	-0.214116	-0.157538	0.149697	-0.076682	-0.281087	-0.235374
-38.808460	3.650628	1.641454	-0.956698	-0.069977	0.034542	-0.001371	-0.444788	-0.664205	0.126339	0.024656	-0.470467	0.216591
-38.069061	3.490021	1.169883	-0.485355	0.203009	0.322890	-0.169756	-0.470637	-0.626551	0.534759	0.167155	0.058606	0.359249
-37.935341	3.981537	1.099775	-1.050796	-0.288796	-0.072891	0.168724	-0.030744	-0.625228	-0.421595	0.014827	0.498483	-0.026742
-38.152359	4.460248	2.159994	-0.486638	-0.205080	-0.183485	0.393256	-0.404189	-0.304119	0.580148	-0.021986	-0.256453	-0.079016
-39.219025	3.968292	1.522259	-0.421632	0.142427	0.187915	1.378341	0.295685	0.284448	0.561099	0.477092	-0.144760	-0.316957
-38.814751	3.500330	0.598329	-0.956009	-0.004095	-0.339383	0.403668	0.182414	0.721189	1.092031	0.405510	0.213262	-0.128121
-38.945728	3.974427	1.393317	-0.269465	0.145855	0.581141	0.499055	-0.420001	0.044207	0.780520	0.378181	0.143836	-0.066854
-37.088158	4.115354	1.501050	-0.559857	-0.207353	0.288700	0.277227	0.171319	0.265611	0.802626	0.750819	-0.131432	0.082994
-36.974499	4.060799	0.491738	-1.002610	0.033947	-0.081734	0.343058	-0.216575	-0.494236	0.623323	0.484833	-0.153786	0.376006
-37.049644	3.461317	1.418133	-0.828268	0.334682	0.217528	-0.184884	0.124300	-0.676548	0.347051	0.349138	-0.073460	0.088996
-35.382172	2.628738	1.198669	-1.893878	0.414303	0.950760	-0.985583	0.723253	-1.249415	1.102505	0.345692	-0.276312	0.498615
-28.387648	3.906304	2.989026	0.355839	1.021504	1.927924	0.218399	1.362272	-0.198154	1.507618	1.088456	0.269735	0.263427
-21.536188	4.972404	3.600183	2.128679	2.062057	1.570274	0.707390	0.454378	0.347469	1.095761	0.829791	0.368322	0.096455
-25.494732	8.431627	4.037831	1.804689	2.859622	2.441319	1.262521	0.797159	0.038021	1.017713	0.368257	0.320587	0.045057
-16.882607	4.992622	3.695654	2.335666	2.465377	2.021552	1.390747	0.795594	0.361465	0.572412	0.414622	0.449994	0.322686
-14.280420	4.847091	3.319124	2.041712	2.306287	2.089287	1.563160	0.813779	0.409181	0.468141	0.449669	0.317113	0.245720
-17.239754	6.301968	3.919554	1.886920	2.245114	2.341862	1.552908	0.839864	0.175047	0.697369	0.309722	0.185071	-0.155374
-14.854931	7.166770	3.237235	0.447356	3.068334	2.197603	2.046369	-1.307960	-0.345721	2.776292	-0.208180	-0.421908	0.454776
-4.907093	6.962971	2.825259	-0.541065	1.830433	1.300158	1.535733	-1.632545	-0.884465	1.850677	0.182624	0.851704	0.317228
-3.905225	6.585566	3.663484	-0.575697	0.629876	0.110763	2.140713	-0.602509	-0.921487	1.615507	-0.017730	1.808006	0.791875
-4.174654	6.427410	3.555587	-0.351752	-0.074590	0.425509	2.562369	0.264297	-1.207564	0.884901	0.114436	1.931499	1.559718
-4.985359	7.202991	4.343773	-0.716231	-0.495294	-0.083826	2.175617	0.358698	-1.045241	0.369366	-0.047532	1.788593	1.220961
-6.336064	7.444305	4.446157	-1.009759	-0.816604	-0.839235	2.138139	0.897836	-0.454720	0.098233	0.219468	1.575832	1.882372
-5.995034	7.103605	3.812727	-0.448752	-0.910489	-0.823705	1.091907	1.095476	0.367080	0.368235	0.034092	1.005391	1.380549
-13.981382	9.147959	5.755567	-0.761410	-1.826067	-1.566595	3.846308	0.477352	0.024422	0.906521	-0.749657	1.114344	-0.090860
-15.430778	8.010221	4.505341	-0.558313	-1.510537	-1.773350	1.206820	0.774152	0.397400	0.739484	0.249382	0.575922	0.066613
-18.176517	7.810406	4.870369	-0.218041	-1.542303	-1.961749	0.552361	-0.045496	0.252129	0.726512	-0.223936	0.468016	0.305257
-21.015570	9.166024	5.387288	0.072262	-2.156097	-2.466581	1.806498	-0.683209	-0.222749	1.497278	-0.298540	0.636004	0.058103
-23.154625	6.674807	4.710338	-0.369223	-1.555132	-1.312008	1.767916	-0.270854	0.931988	1.687660	-0.124452	1.145941	0.298551
-24.128134	6.084301	4.141247	-1.048829	-1.729885	-1.507203	1.350199	-0.135673	0.308191	1.470988	0.048723	1.025213	0.489994
-26.577871	6.591302	3.755686	-0.819955	-0.706853	-1.096201	0.938178	-0.250639	-0.404674	1.090140	-0.093377	0.042632	0.280950
-29.620565	6.414488	4.198565	-0.271322	-0.634996	-0.665554	0.714304	-0.940073	-0.062383	0.750594	0.430717	0.637468	0.307366
-31.908529	6.582541	3.204455	-0.302081	-0.399159	0.190285	0.945900	0.000291	-0.341625	0.056951	0.664150	0.754529	0.285393
-34.457195	5.417530	2.889184	0.566955	0.195457	0.445580	1.365388	0.377058	0.219206	0.335062	0.221442	-0.124447	0.175177
-37.120461	4.605210	1.842029	0.075708	0.393235	0.919747	1.744367	0.523534	0.367612	0.614379	0.564547	0.447434	0.467746
-36.754864	4.209471	1.306247	-0.820813	0.033818	0.954899	1.185305	0.963883	0.858655	0.204221	1.068370	0.467114	0.612124
-37.025463	4.840165	2.104146	-0.906526	0.272538	0.749060	1.166903	0.784964	0.337294	0.742308	1.132471	0.162554	-0.106142
-36.254566	4.025259	1.063608	-0.310332	0.274303	0.282019	0.946121	0.694078	0.692032	0.636235	0.699415	-0.224717	-0.222469
-36.903549	4.556024	1.320659	-0.815701	0.339369	0.809043	1.267712	1.204071	0.695982	0.481932	0.435614	-0.288758	0.221006
-37.354019	4.256850	1.590213	-0.119390	0.298823	0.391465	1.151548	0.783429	0.379818	0.600800	0.862581	0.246482	-0.049485
-36.882118	4.235901	1.716466	-0.418466	0.102191	-0.051682	0.792540	0.919484	0.024434	0.015231	0.984560	0.440276	0.487645
-36.971600	4.499281	1.710616	-0.858517	0.026144	0.881224	0.947628	0.403109	0.434248	0.700847	1.228197	0.013527	0.168338
-37.058689	4.500945	1.490628	-0.671596	0.411990	0.632970	1.299482	0.828063	0.034678	0.334047	0.538500	0.004933	0.509761
-36.954418	4.612844	1.219129	-0.189001	0.133585	1.050347	1.262232	0.751337	0.466375	0.639729	0.367515	0.243722	0.787113
