-37.964363 4.014710 1.151684 -0.606290 0.313574 1.031914 1.371586 0.864384 -0.227309 0.579800 0.706866 0.306982 0.026298 
-38.721684 2.865751 0.582032 -1.031919 0.324038 0.508557 0.221843 0.410960 -0.239804 0.407177 0.682217 0.319717 0.171276 
-38.654221 3.083147 0.676005 -0.899211 0.439863 1.028017 1.102306 0.594145 -0.343918 0.037523 0.131502 0.070967 0.068163 
-37.405666 3.815961 0.898827 -0.723067 -0.225724 -0.152718 0.777648 0.110539 0.169970 -0.007417 0.350622 0.660398 -0.282165 
-38.561172 3.190587 0.383341 -1.614817 -0.717516 -0.051130 0.344971 0.074022 0.199125 -0.519323 0.240203 0.287014 0.316488 
-37.757214 3.902205 0.835325 -1.074523 -0.091261 0.326425 0.225651 0.167805 -0.155675 0.293136 1.156232 0.597923 0.144967 
-38.346214 3.100492 0.234841 -1.613587 -0.416752 0.400013 0.208705 -0.302856 0.148174 0.946574 0.585122 0.255646 0.259232 
-38.213619 3.190910 0.593475 -0.831416 0.454973 1.023000 0.758999 -0.125970 -0.253547 0.135583 0.308789 0.037806 0.574845 
-39.269749 2.998461 0.475842 -0.495308 -0.109728 0.545736 0.114299 -0.346274 -0.928585 -0.091698 0.153743 -0.436837 0.195955 
-38.481747 4.006442 1.559877 -0.437095 -0.156425 -0.282704 -0.103227 -0.248301 -0.104085 0.144423 0.709810 0.403064 0.227735 
-39.018368 3.476533 1.522527 -0.710858 -0.450764 0.254268 0.559708 -0.197272 -0.052451 -0.050708 0.728427 0.272529 -0.217204 
-38.351334 2.935614 0.756504 -0.895333 -0.122959 0.027905 -0.297923 -0.496141 -0.013039 -0.161182 0.436728 -0.365044 -0.035380 
-38.212070 4.141969 1.065119 -0.945680 -0.024560 0.053101 0.140569 -0.331023 -0.117802 0.191709 0.282593 0.185032 0.057213 
-39.025723 3.055690 0.559591 -1.049965 -0.358203 0.244168 0.307224 -0.061238 0.288982 0.600042 0.584883 0.139733 0.564695 
-38.411617 3.218781 0.886061 -1.086815 0.189272 0.380153 -0.277833 0.093207 0.641540 0.738371 0.965634 0.138689 0.521722 
-37.755024 4.063708 1.468377 -0.962704 -0.744988 0.101870 -0.234972 -0.180717 -0.196340 0.481627 0.851932 -0.222557 -0.361630 
-37.802189 3.790504 1.345317 -0.358889 -0.281000 0.072571 0.323043 -0.168565 -0.168054 0.155199 -0.084868 -0.255524 -0.279448 
-38.833500 3.641528 1.658611 -0.922502 -0.106899 0.041472 -0.000412 -0.388685 -0.668447 0.094670 0.011976 -0.474946 0.151360 
-38.107254 3.487906 1.171494 -0.458730 0.170349 0.344415 -0.160432 -0.413600 -0.675836 0.509542 0.163425 0.049712 0.307117 
-37.981930 3.982444 1.108984 -1.030580 -0.327127 -0.063920 0.148673 0.034613 -0.622803 -0.429350 -0.053825 0.521427 -0.037223 
-38.191479 4.442542 2.191599 -0.477605 -0.216924 -0.193725 0.410831 -0.349758 -0.326868 0.555048 -0.007894 -0.275760 -0.095520 
-39.219059 3.969759 1.548643 -0.436310 0.124470 0.156455 1.392065 0.337929 0.256009 0.527127 0.483991 -0.085008 -0.304082 
-38.826893 3.522186 0.612596 -0.959584 -0.037390 -0.323488 0.374055 0.207944 0.639558 1.102375 0.387060 0.271831 -0.114338 
-38.951340 3.958641 1.433558 -0.278949 0.129152 0.548014 0.536748 -0.405872 0.009417 0.743790 0.408239 0.143233 0.002541 
-37.114567 4.109925 1.535121 -0.564837 -0.234153 0.265825 0.277217 0.168881 0.238512 0.768736 0.796915 -0.113628 0.061030 
-36.970795 4.066786 0.542579 -1.023779 0.017843 -0.097813 0.355378 -0.194516 -0.509027 0.551211 0.514714 -0.178099 0.387400 
-37.070705 3.471899 1.421048 -0.826811 0.325476 0.258100 -0.209615 0.126970 -0.683386 0.302764 0.383001 -0.092658 0.081185 
-35.390049 2.644672 1.218257 -1.864999 0.336247 1.046407 -1.045489 0.746882 -1.270088 1.008562 0.442356 -0.355037 0.550909 
-28.403585 3.868941 2.980819 0.365156 0.946750 1.965412 0.183700 1.386816 -0.222398 1.419967 1.152462 0.261040 0.349789 
-21.555737 4.935173 3.583504 2.112371 2.048632 1.584296 0.706201 0.456422 0.320472 1.068973 0.847865 0.375799 0.109688 
-25.548164 8.403334 4.026067 1.792602 2.801223 2.473966 1.253749 0.868780 0.004180 1.014586 0.386175 0.305602 0.057685 
-16.911613 4.951331 3.681236 2.315456 2.444641 2.022312 1.401088 0.817907 0.363272 0.559287 0.410870 0.432804 0.327645 
-14.309189 4.809058 3.305748 2.017561 2.280095 2.079472 1.578416 0.839982 0.419984 0.456038 0.443515 0.310816 0.242413 
-17.290049 6.253171 3.911942 1.873858 2.207878 2.340338 1.570115 0.879452 0.175334 0.684527 0.330990 0.182001 -0.151928 
-14.948930 7.123731 3.246988 0.427003 3.025393 2.212790 2.092566 -1.184350 -0.528281 2.779300 -0.092457 -0.460746 0.391591 
-4.976669 6.922484 2.856496 -0.519314 1.782750 1.302331 1.535510 -1.509263 -1.050315 1.875629 0.176475 0.838156 0.255863 
-3.977179 6.580734 3.669563 -0.514705 0.577882 0.098498 2.080928 -0.459957 -1.083175 1.637206 -0.092498 1.757122 0.844051 
-4.235237 6.439104 3.571342 -0.311261 -0.097411 0.392079 2.480637 0.415585 -1.341380 0.822312 0.036380 1.849750 1.653955 
-5.008004 7.181475 4.360995 -0.677662 -0.523826 -0.115373 2.122082 0.475839 -1.122042 0.347241 -0.152882 1.740723 1.256739 
-6.385311 7.404077 4.476246 -0.956769 -0.831519 -0.881958 2.045583 0.997459 -0.477930 0.112420 0.132589 1.527149 1.825959 
-6.045401 7.071441 3.834477 -0.402710 -0.912767 -0.851107 1.019416 1.135202 0.361217 0.403557 -0.009045 0.958182 1.310979 
-14.024699 9.118699 5.791403 -0.684152 -1.826961 -1.663340 3.738781 0.652340 -0.083204 1.013742 -0.824506 1.107993 -0.114963 
-15.470118 7.988636 4.529155 -0.488121 -1.502061 -1.804189 1.106980 0.831997 0.336078 0.769857 0.210395 0.612542 0.001017 
-18.214985 7.788559 4.889837 -0.144020 -1.547666 -2.006504 0.452042 -0.010463 0.180614 0.809739 -0.235871 0.509994 0.244654 
-21.089756 9.144201 5.410392 0.150881 -2.108606 -2.525867 1.717912 -0.559902 -0.397691 1.572888 -0.335022 0.672385 -0.030973 
-23.223068 6.690033 4.724801 -0.306761 -1.553817 -1.364702 1.689903 -0.173165 0.744833 1.787964 -0.182913 1.155986 0.305199 
-24.184807 6.039209 4.174265 -0.989799 -1.729490 -1.546719 1.273950 -0.031368 0.168420 1.530327 0.017635 1.033315 0.508205 
-26.639242 6.565202 3.794392 -0.787628 -0.702962 -1.093582 0.862437 -0.156683 -0.496639 1.099892 -0.060752 0.034414 0.215953 
-29.680479 6.376837 4.217245 -0.219660 -0.623453 -0.665847 0.681205 -0.884049 -0.176409 0.762032 0.386255 0.700261 0.282060 
-31.958338 6.580662 3.215672 -0.247380 -0.422116 0.176663 0.918088 0.047204 -0.376527 0.048398 0.604524 0.807208 0.272508 
-34.496601 5.408851 2.910834 0.579932 0.185640 0.412376 1.338427 0.419910 0.205776 0.328234 0.233729 -0.105809 0.108166 
-37.152729 4.591657 1.870785 0.079876 0.372059 0.866398 1.745661 0.554453 0.340463 0.605020 0.532186 0.473279 0.433847 
-36.783340 4.195829 1.323641 -0.819122 -0.013537 0.922321 1.168685 0.962029 0.867698 0.205686 1.019178 0.505576 0.571299 
-37.076180 4.842232 2.140184 -0.890051 0.204475 0.737074 1.145426 0.826131 0.323147 0.700480 1.120300 0.244747 -0.155392 
-36.309681 4.024997 1.062588 -0.292841 0.248691 0.278894 0.903957 0.708507 0.654451 0.646549 0.695930 -0.141433 -0.301065 
-36.941086 4.545139 1.344376 -0.807000 0.308159 0.786404 1.238018 1.211096 0.699423 0.468473 0.453332 -0.275782 0.175093 
-37.391949 4.257259 1.595129 -0.113136 0.266043 0.363163 1.136316 0.818837 0.376797 0.576365 0.865585 0.297474 -0.053857 
-36.926189 4.231974 1.740957 -0.414847 0.075961 -0.078664 0.743810 0.948519 0.047515 -0.031659 0.946583 0.490849 0.449182 
-36.991161 4.500257 1.718486 -0.854375 -0.015157 0.855483 0.940672 0.424944 0.405962 0.683001 1.214288 0.075667 0.098714 
-37.088375 4.487193 1.521484 -0.671508 0.380104 0.605487 1.264287 0.871600 0.040325 0.297849 0.539435 0.023929 0.446512 
-36.987072 4.624520 1.246070 -0.191533 0.105251 1.003339 1.240870 0.769591 0.472003 0.626052 0.369461 0.226332 0.753818 
